-99.66666666666667
-99.66666666666667
-99.66666666666667
-100.0
-99.75035735550223
-99.5
-99.76885433164755
-99.75075754258506
-99.91735027038253
-99.75341580995597
-99.66666666666667
-99.5
-99.75034869521802
-99.65888432819756
-99.49196031479993
-98.50485292910484
-98.41555714696018
-98.4981284385843
-98.66766030239411
-98.75141975855547
-98.50113637305436
-98.3336216472682
-96.82461434514714
-96.91129889881721
-94.40423659628918
-93.73077560379195
-88.16488814042657
-77.18531022328382
-56.54257549876625
-42.9776382886892
-33.34904373129535
-16.266826731951134
-6.561988471994747
2.7947681955709607
18.411270936778468
29.47395290393548
44.05856111910012
53.5931754235253
56.34361221118377
57.65314557111759
63.505835494452995
60.218787098439776
70.61969178188187
73.32558030189803
78.92547318719342
79.83139566838716
78.80009560347423
82.32968050823155
81.33025959247429
83.08331166645307
82.41345699465302
83.58587138381357
86.91580243111382
90.06437667137243
90.25632005854149
88.24936311600051
91.99741366478088
92.417147824809
92.08489340905797
93.59273695635856
91.58029876364026
94.06626011331215
95.50033027365303
94.66608349278907
95.16592868988609
96.16691361934588
94.08277881916801
96.00681638713964
97.07336122979693
96.75003409139084
96.16628116313775
97.5919882749158
97.92925155622903
97.74998266004184
96.49961888221954
97.83092999763693
97.83299686681649
97.74729835593232
97.33483903304692
97.25638600652184
96.6665655423184
97.75168933872816
97.00094371076638
97.97938009607883
97.09209913173862
96.48857022304621
97.83048871578961
97.41590143050881
97.50061498541632
97.41611170956499
96.66742185868426
97.83230551173084
97.4991868421661
96.16578013467931
97.83275199219459
97.17409248629465
97.91858549261877
97.57333528201328
96.99935351140874
97.25755980230548
97.58342947375921
97.99930739581339
97.41043987553402
98.08284537695026
97.58323877724983
96.59103144907803
96.33419496730127
97.08284056429454
97.50239123326223
97.17383244183297
97.91827863218064
98.08381381945091
97.49682725417335
97.33379349137618
97.50062083867488
96.57587073424786
97.26055793688228
98.41409914264989
97.91473640771618
97.98859220911109
97.24874905971414
97.16975698038596
98.16704054392073
98.25594101028895
98.90967173259473
98.74071738863532
98.67522359655177
98.66663236552132
98.16675806244729
98.08216856483844
97.99882985195882
98.41800821350635
98.33299332951802
99.41649079191694
98.91578219675542
97.16543043539218
98.8324312225055
99.16692895093401
99.16658831834934
99.16630318449592
99.08190746215612
97.99849376065339
99.58334864877312
99.25011688612186
98.91672988801045
99.33323236035481
99.66631413749874
99.66666666666667
99.83333333333333
99.58350252811108
99.75088407650823
99.66671305779367
99.74994877749855
99.58333050471352
99.75000031117379
100.0
99.3329147523892
99.83333333333333
99.08381501224284
99.58311701194476
99.66666666666667
99.0
99.83333333333333
99.16666666666667
99.66666666666667
99.08305275903571
99.33333333333333
98.66666666666667
97.83310978449312
98.66666666666667
99.33333333333333
98.83333333333333
98.58308789363159
99.2500000000759
98.6676578024879
98.74932872005024
98.7496720833992
98.3311979214327
97.58141815874741
96.41618665029122
96.99944994633243
97.99971158358515
97.25121985226917
97.99981203000068
97.66579248887457
98.08700195210469
98.66766033809948
98.75013465247297
98.99930293752114
98.41675297808561
99.08496044521948
97.41424872930865
97.41736251605937
98.0812729775087
96.76200445850306
98.99764479209551
98.8325900257601
98.66579053514252
98.4151963583397
99.08090209158044
99.16820843504001
99.41765374763602
98.4992283350192
99.34341311258972
99.4174041964486
98.75069868047711
98.92296505439418
99.24972275260113
98.75300001264371
98.83343034387369
99.16333505052891
98.8328188691637
98.91673895219509
99.25064315842181
99.16666666666667
99.33333333333333
99.33141695475669
98.66618558245875
98.41570884862965
99.66667249698806
99.50891997964244
99.08305677471729
98.8338515009691
99.33334906352405
98.50035243952053
98.5814376274286
98.58367441567938
99.16656006385574
98.50033091599161
97.83333334335245
97.58282582983041
97.91630394851626
97.0022854216842
98.08127254591528
98.3333333655314
98.41613792458259
97.50252737180594
97.6734555262829
97.92405285779803
97.8360882411017
98.17495930987327
95.91509175364276
97.66336864111734
98.91786868992247
98.24559727841539
98.33326019070778
98.84002808890082
97.83557843183979
98.00033636290371
98.16763696506972
97.7504475151583
98.83493966270922
98.91703487999484
98.91766314121813
99.83333333333333
99.16766397560824
