-99.66666666666667
-99.83333333333333
-99.83386351679785
-100.0
-99.66666666666667
-99.83333333333333
-99.74845698204496
-99.41881546670666
-99.00503647664591
-98.5
-99.0
-99.58717535492634
-98.90642048215061
-98.658947044655
-99.14926967370114
-98.8304000481363
-98.83333333333333
-98.98662838136467
-98.91678295868302
-98.51404838170943
-98.2555129344521
-96.83483645412329
-94.18440946773194
-87.92421210372184
-57.69227655775623
-33.98329966619455
-5.8253145168854275
-4.870868152082078
8.39618039319252
13.720434254442614
26.904731368206395
36.23574812166206
33.9822477913979
41.78074413274395
40.24147279824582
54.499904103285544
60.59226218721223
58.27880913466918
62.34420027819838
60.98766832798407
65.7455582156535
64.42709871934052
68.86812909855247
68.22837191624924
75.51917975757901
72.5757388203142
79.00625148601245
76.66726082146695
83.07775184242809
82.01225673189359
81.91063842013808
80.59326446532866
80.66398382861104
82.83447802976822
88.32388462354153
87.33197587058157
86.32868827895366
85.91366386078617
86.16692222160108
88.08427830691828
85.58067196548832
88.33054787156499
89.58191252245537
84.26175194314258
88.00093059002222
88.50727431862285
91.49603929423434
91.08384285534584
90.5833135333056
89.49933645738174
89.33308890270187
88.7523095038005
87.58825831879494
90.41811515452784
92.1635321554884
94.0779835673338
94.08177389726116
94.33165238814006
92.91486340652038
90.33137948629371
92.57594464788171
92.74858662166956
92.3318526590522
92.84580847741903
91.49740368080666
93.9930617637811
90.24933366445835
93.75070662894825
94.41766245922332
92.66542465471396
92.9164990559208
94.08923055880277
95.33210422466793
96.67151888221305
95.50394495192563
96.6652705739837
96.33236522180955
97.33453368865466
97.58138924769959
96.58682739574232
97.08269355065136
97.91875495190725
98.25236797630203
98.24722154004735
97.66654445051837
98.33179189077185
98.49696491092816
97.66645517335051
97.41576090466802
98.33235686744658
98.58327885593863
98.91661389617002
98.74993923696817
98.58321070681731
99.08334213160595
99.58309615570195
99.33333333333333
99.16666666666667
99.16660629126386
99.66666666666667
99.66666666666667
99.41687138916414
98.98975471364838
99.66666666666667
99.3311982286636
98.99989852734478
99.91670781389776
99.41616870510975
99.5
99.41533520133322
99.41646260056346
99.33208247417316
99.24675163712881
99.25945636123848
99.500430224851
99.0004657212237
99.4977854337111
99.49832767004403
99.25006224384771
99.500539473213
99.75141316037764
99.58333322352601
99.83333333333333
99.08350854505501
99.50021070984327
99.74999840101096
99.58303871903479
99.33333333333333
99.24743452387733
99.24998268739769
99.25081760291187
99.25005218368483
99.500007540059
99.25046882052708
99.83333333333333
99.16666666666667
99.41571868460633
98.49930630853304
99.66666666666667
99.58333335527995
99.7504821823834
99.5
99.83333333333333
99.33333333333333
99.1666417581953
99.66666666666667
98.75035891816974
98.66666666666667
99.83142326383438
98.66679069863618
98.33186214226855
98.42396241590917
99.08333332552668
97.49874634802572
98.08474659547817
98.58377734803622
98.58325591511877
98.16778676665902
97.33263501447041
98.24973295336468
98.24954871978683
97.58336404893761
99.08322088049825
98.16666666666667
98.83333333333333
99.3347889121851
98.83316113778838
99.4169998216271
98.83431409780971
98.91676827762649
98.66538190986145
99.16666666666667
99.08327096743419
99.0
98.91671883562854
99.08333309616691
99.33333333333333
98.83393690866615
99.0
98.83247842987551
97.84078201263422
98.08633377266091
98.66865796829568
99.08309495601675
99.25695733932021
98.66304629233909
98.91719370580235
98.50188453137214
98.15879738330305
98.99768533054763
98.50139116116331
99.08287992584529
99.08367501989422
98.33418248166154
98.66362965360734
99.15793409310537
98.58118793654538
99.50023960448635
98.67867851344485
99.66718983178156
98.91810683822163
99.66541843339832
99.41646821616395
99.74788321417182
99.5109638107198
99.66774645678946
99.5003990816368
99.83384322465605
99.5834212175183
99.91675650706452
99.41706501364779
100.0
99.58356511024114
99.83333333333333
99.66716430792943
99.49999998969712
99.2487124322772
99.58131211645467
99.83582127100874
99.83313885583617
99.6671218070219
99.58518403806242
99.3340248047635
99.74999999661146
99.50014795554884
99.49967568248847
99.9160006444565
99.8330516940134
99.58189591102058
99.25907072035633
99.16769633843064
99.66391384826557
99.08310057602606
99.33225660102268
99.66547161742632
98.32748305101215
99.5825054101898
99.58148646503813
98.82616977892054
99.25085155398985
98.9343237951348
97.66539435327446
98.08145719702439
98.24728876789732
98.42116577754356
99.41746303112379
99.08046821324079
