-99.83333333333333
-99.5
-99.50542057554601
-99.00179710980389
-99.25074032391676
-99.66341433693755
-99.33364964961274
-99.35036970823869
-99.16032432247411
-98.75939061952177
-98.3354896365612
-98.60503479350919
-97.42356510542609
-96.9944321803468
-93.98761134197761
-88.91731672371107
-54.560831454055766
-22.260237001820247
-4.153636550432301
14.443323621474265
30.145962354723185
41.03663991912165
53.46374386748487
52.42242015227343
53.827809757096055
62.90966717619753
67.32738685213988
73.0859536145118
80.2553155895721
77.33290271436668
81.40916284119648
82.90478613946945
82.42876898854506
84.40599745496317
89.17269658147873
91.42744514235034
88.33111741611663
90.99548548566959
92.50258282599476
92.50323956535787
92.33168230984961
91.6644056115655
91.67232860827636
93.00021378704633
97.32607889178944
94.00233010136586
95.58352203509082
95.59909966429085
93.32867181525992
96.08207789655617
95.49849096145726
95.92602838595135
96.9180251880654
96.91711059027297
96.25376063852087
95.8347576824339
96.32920929985708
96.67545844081842
96.2602549901149
96.42692662407718
96.08599369294463
96.42071658592343
96.40614244202257
96.16396293661207
96.50701268194989
94.08208525493917
97.25230149051455
93.73959299033723
94.66895578882824
96.57942020741814
95.92558201911501
97.17450300040977
96.50699711983678
97.75057390546952
97.58365425917407
97.84234386380456
98.08243864249873
97.75444598138674
98.42752651712533
98.16192167671619
99.1669795512688
99.16712009246066
98.91579963687828
98.83235988080317
98.24845776612483
97.99918154068641
98.66212485837448
98.74699471400639
99.33381276995581
99.17038868655176
99.24989905955032
99.41529746571008
99.16081543206535
99.334636344424
99.49826494692296
99.50207891897058
99.83276900769096
99.58485368954265
99.33528844854887
99.91666680168827
100.0
99.83556638464944
99.833414875434
99.41680299606114
99.75048032530783
99.91732989200396
99.76169167592933
99.7520453279917
99.66695723631943
99.83287723148253
99.67497239770492
99.91666716083158
99.1667915925034
99.91519671324919
99.66884076969187
99.66564718477058
99.5827310810147
99.500328784972
99.58313809754665
99.33305204902035
99.83302177151623
99.74762980869937
99.7469404918279
99.49993638745346
99.8333332967504
99.83333333333333
99.51025318774509
99.91666671664379
99.8334125604639
99.83441972814703
99.74982438411814
99.66809375427914
99.74708619935406
99.32882443483851
99.66685078216659
99.50135984489745
99.74976523515859
99.58276038758035
99.58238220416355
99.7505467025638
99.91694321085335
99.83368455287679
99.8315607826827
99.66827908972718
99.75057082780256
99.49993120641614
99.66691211978628
99.9171400215266
99.66712258533623
99.66491515986031
99.74858193024296
99.32995144080131
99.6622576737958
99.33621241679047
99.5838045254211
99.75099891151743
99.83449055951964
99.66484263707525
99.33277785182169
99.41403578462906
98.75561689524176
99.08240668751132
99.49999928847953
99.24756232644984
99.66778897205604
99.83333333333333
99.66554549143335
99.75000000827272
99.66744041701898
100.0
99.83256338651971
99.5
99.66757862358757
99.7494517479006
99.33434369505362
99.66666619644465
99.57510254338949
99.74868804094814
99.50002187627553
99.83190994207276
99.83422476962522
99.75140285395521
99.50056991505791
99.75000017234656
99.74884430114777
99.25092373497148
99.58333333373425
99.66674511133408
100.0
100.0
99.66666666666667
99.83333333333333
99.66666666666667
99.59161180172218
99.74927619270342
100.0
99.83333333333333
100.0
99.66666666666667
99.74940572994697
99.7500203417786
100.0
100.0
99.5
99.91704655787636
100.0
99.83292312429843
99.83333333333333
100.0
99.91695757012303
100.0
100.0
99.91666671496706
100.0
100.0
99.83333333333333
99.9168745032655
99.83333333333333
99.83333333333333
99.83400206495244
99.74999999002394
99.83333333333333
99.5842035920031
99.66716269831372
99.83333260166548
99.74806990126031
100.0
99.74999409902733
99.74764872135796
99.75106181191369
100.0
99.66666666666667
99.5
99.92584466833782
99.91603075241525
99.66666666666667
99.83333333333333
99.66666843987238
99.66666666666667
99.91666785534132
99.58350900208538
99.83333333333333
100.0
99.66666666666667
100.0
99.66666666666667
99.66666666666667
100.0
100.0
99.91666761340934
100.0
100.0
100.0
100.0
99.66666666666667
100.0
100.0
100.0
100.0
100.0
100.0
100.0
100.0
99.83333333333333
100.0
100.0
100.0
99.66666666666667
99.83333333333333
99.83333333333333
99.83333333333333
99.66666666666667
99.83333333333333
100.0
99.83333333333333
99.66666666666667
99.83333333333333
99.83333333333333
100.0
100.0
99.83333333333333
99.83333333333333
100.0
100.0
99.66666666666667
99.83333333333333
99.83333333333333
100.0
100.0
100.0
100.0
99.83333333333333
99.83333333333333
99.83333333333333
100.0
99.83333333333333
99.83333333333333
100.0
99.83333333333333
100.0
100.0
100.0
100.0
100.0
100.0
99.83333333333333
100.0
100.0
100.0
100.0
100.0
99.83333333333333
100.0
99.83333333333333
100.0
99.66666666666667
100.0
99.83333333333333
100.0
100.0
99.83333333333333
100.0
100.0
99.83333333333333
100.0
100.0
100.0
100.0
100.0
100.0
100.0
100.0
100.0
100.0
100.0
100.0
99.83333333333333
99.74976103832451
99.83333333333333
100.0
100.0
99.83333333333333
100.0
99.83333333333333
100.0
99.83333333333333
100.0
100.0
100.0
99.66666666666667
99.83333333333333
99.33333333333333
99.83333333333333
99.83333333333333
99.5
99.83333333333333
99.83333333333333
99.66666666666667
100.0
100.0
99.83333333333333
99.83333333333333
99.83333333333333
99.83333333333333
99.83333333333333
100.0
99.83333333333333
99.83333333333333
99.83333333333333
100.0
100.0
99.66666666666667
99.83333333333333
99.16666666666667
99.66666666666667
99.66666666666667
99.83333333333333
99.83333333333333
99.66666666666667
99.66666666666667
99.33333333333333
100.0
100.0
99.66666666666667
100.0
100.0
99.66666666666667
99.83333333333333
99.66666666666667
99.66666666666667
99.66666666666667
99.58540678473942
99.33333333333333
98.66666666666667
99.83333333333333
99.33333333333333
98.33333333333333
99.49961239691854
98.5
98.16666666666667
98.4166944000678
99.33333333333333
98.75022388063992
98.91701746878115
98.16666666666667
99.33333333333333
99.16666666666667
97.83333333333333
98.83333333333333
99.33340156217741
99.58315007216483
98.83333333333333
99.0
99.0
99.0
99.83333333333333
99.16666666666667
99.5
99.0
99.33333333333333
99.66666666666667
99.83333333333333
99.5
99.83333333333333
99.5
99.16666666666667
100.0
99.66666666666667
99.66666666666667
99.24996647335492
99.66666666666667
99.5
99.75047302613481
99.83333333333333
99.5
98.75032309138157
99.16666666666667
99.5
99.33333333333333
99.5
99.66666666666667
99.5
99.58328224223777
99.16666666666667
99.66666666666667
99.33333333333333
99.5
99.66666666666667
99.83333333333333
99.5
99.33333333333333
99.58345024653558
99.75047194697731
99.66666666666667
99.16666666666667
99.83333333333333
99.83333333333333
100.0
99.66666666666667
99.66666666666667
100.0
100.0
99.66666666666667
99.83333333333333
99.83333333333333
99.83333333333333
99.5
99.66666666666667
99.66666666666667
100.0
99.83333333333333
99.33333333333333
99.66666666666667
99.83333333333333
99.16666666666667
100.0
99.83333333333333
100.0
100.0
100.0
99.66666666666667
100.0
99.83333333333333
100.0
99.83333333333333
100.0
99.83333333333333
99.83333333333333
100.0
100.0
100.0
99.83333333333333
99.66666666666667
99.5
99.83333333333333
100.0
99.83333333333333
100.0
99.83333333333333
99.83333333333333
99.83333333333333
100.0
100.0
100.0
99.83333333333333
100.0
100.0
99.66666666666667
100.0
99.83333333333333
100.0
100.0
100.0
100.0
100.0
100.0
100.0
99.83333333333333
100.0
99.83333333333333
100.0
100.0
100.0
100.0
100.0
100.0
100.0
100.0
100.0
100.0
100.0
100.0
100.0
100.0
100.0
100.0
100.0
100.0
100.0
100.0
100.0
99.83333333333333
99.83333333333333
100.0
100.0
100.0
100.0
100.0
100.0
99.83333333333333
99.83333333333333
99.83333333333333
100.0
99.83333333333333
100.0
100.0
100.0
100.0
99.83333333333333
100.0
100.0
100.0
100.0
100.0
100.0
100.0
100.0
100.0
99.83333333333333
100.0
100.0
100.0
99.83333333333333
100.0
100.0
100.0
100.0
100.0
100.0
99.83333333333333
100.0
100.0
100.0
99.91617096436123
100.0
100.0
100.0
100.0
100.0
100.0
100.0
100.0
100.0
99.83333333333333
100.0
100.0
100.0
99.83333333333333
100.0
100.0
100.0
100.0
99.83333333333333
99.5
99.66666666666667
99.5
99.66666666666667
100.0
100.0
99.33333333333333
99.66666666666667
99.66666666666667
99.83333333333333
99.33333333333333
99.5
100.0
100.0
99.66666666666667
99.83333333333333
99.83333333333333
100.0
99.5
99.33333333333333
99.66666666666667
99.5
100.0
99.5
99.83333333333333
99.5
99.5
99.83333333333333
99.74974058101223
99.83333333333333
99.33333333333333
99.0
99.33333333333333
98.66666666666667
99.66666666666667
99.5
99.66666666666667
99.83333333333333
99.5
99.66666666666667
99.66666666666667
99.0
99.33333333333333
99.66666666666667
98.83333333333333
99.66666666666667
99.5
99.83333333333333
99.66666666666667
99.16666666666667
99.16666666666667
99.16666666666667
98.33333333333333
99.66666666666667
99.16666666666667
99.5
99.0
99.16666666666667
99.16666666666667
99.66666666666667
100.0
99.83333333333333
99.08276981672007
99.08361690566157
99.24955992085243
99.83333333333333
99.83333333333333
100.0
99.0
99.66666666666667
100.0
99.16666666666667
100.0
99.5
100.0
99.66666666666667
99.83333333333333
99.5
99.83333333333333
99.66666666666667
99.25126493112315
99.33333333333333
99.83333333333333
99.33333333333333
99.16666666666667
99.08406853489451
99.66666666666667
99.66666666666667
99.66592886737796
100.0
99.91666664959271
99.16842428285835
98.91755086641147
99.58424028130217
99.1672182159245
99.33399467498292
99.249499657923
99.75039658109782
99.58375192071811
99.49802289937999
99.09341644416367
99.5829004218304
99.58304094030294
99.33118684200423
99.33275302165892
98.91400831305748
99.24853026478482
99.41716612296602
99.66570542928436
99.24942121051198
99.66550554924241
99.58369602257784
99.66931070110948
99.3332842689647
99.2513402111933
99.08407212917464
99.74993165056239
99.6668160634582
99.58142389650153
99.83333333333333
100.0
99.5
100.0
99.58243929996065
99.5
100.0
99.83333333333333
99.83333333333333
100.0
99.83333333333333
99.66666666666667
99.83333333333333
99.66666666666667
100.0
99.66752237690753
99.83333333333333
99.75002441317602
99.66666666666667
99.83333333333333
99.66666666666667
99.66666666666667
100.0
100.0
99.66666666666667
99.83333333333333
99.66666666666667
99.5
99.83333333333333
100.0
99.0
99.5
99.66666666666667
99.83333333333333
99.66666666666667
99.66666666666667
99.66666666666667
99.5
100.0
99.75084088880757
99.33333333333333
99.08301617404311
99.50000230350581
100.0
99.5833354637433
99.83333333333333
99.75047329843375
99.83333333333333
100.0
99.83333333333333
99.83333333333333
99.66666666666667
99.66666666666667
99.5
99.83333333333333
99.66666666666667
99.66666666666667
99.58339505919191
99.74999997312862
99.58340202574945
99.83333333333333
99.33333333333333
99.33333333333333
99.0
99.5
98.75000005059687
99.5
99.33333333333333
99.66666666666667
99.41668062725473
99.33333333333333
99.33333333333333
99.83333333333333
99.75000356356638
99.74905330727856
99.66666666666667
100.0
