-99.83333333333333
-100.0
-100.0
-99.83333333333333
-99.75100935479742
-100.0
-99.5
-99.66666666666667
-99.75001003324344
-99.58151948701698
-99.66666666666667
-99.83333333333333
-99.58090830299928
-100.0
-99.83333333333333
-100.0
-99.7489574089716
-100.0
-99.75251657543227
-99.83333351495966
-99.8248830564899
-99.74848747018441
-100.0
-100.0
-99.83333333333333
-99.91432653294149
-100.0
-99.74845791180422
-100.0
-100.0
-100.0
-99.83333333333333
-99.75675021856961
-99.91857439580994
-100.0
-100.0
-100.0
-99.75165706696137
-99.75089219875804
-99.83375008618442
-99.33581302200504
-99.74344453920168
-99.58394257613723
-98.9127919551813
-98.66529316478604
-98.3239275712565
-97.66764538445575
-93.8478981125033
-76.53717678067488
-22.390812923242752
1.717395146873441
7.643135050055566
24.40276666040993
41.317069858365805
51.441103806716946
57.94965338241604
62.88586964823942
66.23556762496084
72.43942470843194
75.5641107322415
76.72552149834763
81.66457941223506
81.49885796904202
86.83886330563172
83.2561257746226
87.99975600236431
91.99665612915074
88.99403568246262
94.91704182429852
92.49955782222948
91.74912750922127
93.4161584910155
92.24936972872352
91.08488524155734
94.9180780008667
95.58467003313484
95.33241483206976
93.580814925505
95.99967362124885
95.16695195310002
94.08651043849687
94.751592477862
92.83659336944014
93.92593073036538
92.33623083233054
94.00698155523729
93.75327601510857
94.16186555416212
93.66986945302503
95.33101659186018
95.9119200482007
95.2520879073298
95.42433896988176
96.85387456931977
96.1588925636023
96.50840965655074
96.91762323171926
95.91697615161159
96.83573597029267
97.08303065749571
97.08142458635795
95.17063500689488
97.42190165317804
97.08550183029253
96.33578333530721
97.33110559776871
97.16632000664755
97.24939342597895
97.00143434105298
96.75001760906439
96.91798975438297
95.91508046993671
97.08638249871393
97.24872469137348
97.4257716273134
97.4158471426644
95.17183307808678
96.57985300984157
94.5810780074965
96.99740460942985
96.74959750426342
94.99785157212747
95.99765210927691
95.74889633649855
96.42828909134599
97.33522318553159
96.67621947657935
96.49812649711318
96.33173975755989
97.50145262791632
95.57534166947607
95.41262777786959
97.18508226909856
96.6663345822763
97.50810945377522
95.83313537552043
97.67292886431281
97.75312464053724
97.66735006933344
97.24509081444515
96.99925845222015
97.33368378992509
95.66437615931538
96.50096239493446
96.08631141807204
94.99702400831501
95.33397444391878
97.00252937360247
95.50829115713354
97.16414984393653
96.41147390631609
96.41845659825377
96.08301829511994
94.41674659278023
93.41537191343524
94.91576404672985
97.07854724250963
95.24784365986278
97.24953384302604
95.41729323061266
95.41798972978886
95.82964624173877
96.16944304635156
94.74846563337937
93.92164548054296
94.42593781016494
96.58364429677437
94.91364384478433
95.66667802864563
95.91422346430576
94.50094312847001
95.91344121919565
96.25081358163256
95.41446014053946
94.98697023563442
94.91690540870783
95.99774848597761
95.25260399759658
96.5832176282297
96.32620321320498
94.66560812269994
94.58672747206995
94.58581981241024
95.41543216325145
96.66481433632921
94.23656395966199
93.26660743942578
93.75032157749213
93.1784831715434
94.83275815676181
95.08586528888368
93.0945992268286
93.83306847782409
93.24854805626354
93.1523785679856
93.6622546388306
94.7621189512367
93.15729177905847
95.01426313715838
94.33269235280211
95.8235797502858
95.520577319927
96.16348072942147
92.91440989058479
93.82587138169151
93.41991715570691
95.0822412923036
95.33421216904152
93.75585483668961
95.08526262709216
94.51112983067111
93.33080039365322
95.32923490742857
94.09232709638523
93.83176325577874
94.33130880874883
95.50564361207077
94.24413480562973
95.2538999247051
95.83361000486326
95.08310942350798
94.74923499218197
96.99658726371237
95.32410820542295
95.33043260818228
94.92007840194131
94.8250074253467
95.32631517860533
94.17490478605845
94.83925884167321
95.00161894017931
94.15970100614717
95.00354762384868
96.16769118971045
95.68212988148136
95.6645367790396
95.6647107183861
94.2447478187401
95.07521855902435
95.8326691438658
95.41723753433605
95.99876643271185
96.16761105600885
96.916459525598
95.81966714067676
96.5905428678112
94.99913941446438
96.08010071654004
95.49958303966015
96.9189867693532
95.92756557420073
96.5778141874281
95.25264520646053
95.58890401660614
95.09862624163114
95.83660661016725
97.41482682101832
97.9128672255935
98.2500588403012
97.07455197574622
97.49437514563314
97.50267207355282
97.91704353022511
97.75209125170547
97.91531090782313
99.33331940318544
98.91653663056174
98.50042152556536
98.08328504572246
98.41655034610636
98.66666666666667
99.41848598637448
98.83329756059616
97.66666666666667
