-99.83333333333333
-99.91756546231763
-99.75053066793318
-99.66666666666667
-99.90942656833616
-100.0
-99.41882680027592
-99.66475396262065
-99.83661229212534
-99.66519558272466
-99.39484117625722
-99.66708598329461
-99.16835692985936
-98.60670300027084
-98.24970814832146
-97.33286071266504
-94.35628051933864
-73.08721277924052
-26.75562000312878
4.557675773847416
23.021389486865683
35.33893041249013
41.28872657932164
56.77767069190762
58.49014840737914
62.0958195429231
62.50450992662313
64.71994539505319
68.17373690211133
72.20143121333743
74.9822319348386
77.39759748957688
82.15969859148103
81.34834685175362
79.08442642017401
84.50654794250927
86.0836050247414
87.51280463856955
88.65030477595
91.33236909935053
92.49942310734012
94.08143856760344
92.49982993524661
93.24976430527063
92.75175372160088
92.91671831219507
92.33312419295945
96.42671032072975
93.4252297475431
94.91577322229895
92.67097191000883
